{
  "advancedEditorSelectedIdentifier" : "ProjectBrowser",
  "openSceneRelativePaths" : [
    "FallingBalls.usda"
  ],
  "recentIdentifiers" : {
    "2B428DE1-4BC3-4189-B41B-E293FD54E03A" : [

    ],
    "8820A028-3DD5-4F4B-9331-85B0648ED008" : [

    ],
    "A0019846-B60F-463F-8559-F61EC3A23A79" : [

    ],
    "AF09ED6F-1707-48FD-8720-65B998362C09" : [

    ],
    "D66134B1-3681-4A8E-AFE5-29F257229F3B" : [

    ]
  },
  "sceneCameraHistory" : {
    "2B428DE1-4BC3-4189-B41B-E293FD54E03A" : [
      {
        "date" : 738700218.844758,
        "title" : "Untitled",
        "transform" : [
          0.9619224,
          7.280427e-09,
          -0.2733228,
          0,
          -0.16479756,
          0.79778564,
          -0.5799826,
          0,
          0.21805298,
          0.6029411,
          0.7674079,
          0,
          0.7230543,
          2.0594933,
          -0.7505998,
          1
        ]
      },
      {
        "date" : 738700210.777702,
        "title" : "Untitled",
        "transform" : [
          0.9898474,
          7.385949e-09,
          0.14213441,
          0,
          0.073587306,
          0.85554385,
          -0.5124741,
          0,
          -0.12160221,
          0.51773036,
          0.8468577,
          0,
          0.4585314,
          1.688302,
          -1.1427314,
          1
        ]
      },
      {
        "date" : 738700209.276253,
        "title" : "Untitled",
        "transform" : [
          0.9898473,
          7.65521e-09,
          0.14213441,
          0,
          0.07358731,
          0.85554385,
          -0.5124741,
          0,
          -0.12160222,
          0.51773036,
          0.8468577,
          0,
          -0.04565576,
          0.20612925,
          0.38642898,
          1
        ]
      },
      {
        "date" : 738699765.631622,
        "title" : "Untitled",
        "transform" : [
          0.9898473,
          7.65521e-09,
          0.14213441,
          0,
          0.07358731,
          0.85554385,
          -0.5124741,
          0,
          -0.12160222,
          0.51773036,
          0.8468577,
          0,
          -0.041468546,
          0.18830188,
          0.3572685,
          1
        ]
      },
      {
        "date" : 738699751.432369,
        "title" : "Untitled",
        "transform" : [
          0.9898473,
          7.924472e-09,
          0.14213443,
          0,
          0.07358732,
          0.85554385,
          -0.5124741,
          0,
          -0.12160224,
          0.51773036,
          0.8468577,
          0,
          -0.04146855,
          0.18830186,
          0.3572685,
          1
        ]
      },
      {
        "date" : 738699268.671112,
        "title" : "Untitled",
        "transform" : [
          0.9898473,
          -1.5091195e-10,
          0.14213446,
          0,
          0.07358733,
          0.85554385,
          -0.51247406,
          0,
          -0.121602274,
          0.51773036,
          0.84685785,
          0,
          -0.058427006,
          0.4198432,
          0.62666106,
          1
        ]
      },
      {
        "date" : 738699262.095181,
        "title" : "Untitled",
        "transform" : [
          0.9898473,
          -1.5091195e-10,
          0.14213446,
          0,
          0.07358733,
          0.85554385,
          -0.51247406,
          0,
          -0.121602274,
          0.51773036,
          0.84685785,
          0,
          -0.06762537,
          0.31290045,
          0.69072014,
          1
        ]
      },
      {
        "date" : 738699258.780879,
        "title" : "Untitled",
        "transform" : [
          0.9898473,
          -1.5091195e-10,
          0.14213446,
          0,
          0.07358733,
          0.85554385,
          -0.51247406,
          0,
          -0.121602274,
          0.51773036,
          0.84685785,
          0,
          -0.06762537,
          0.31290045,
          0.69072014,
          1
        ]
      },
      {
        "date" : 738699242.350645,
        "title" : "Untitled",
        "transform" : [
          0.9898473,
          -1.5091195e-10,
          0.14213446,
          0,
          0.07358733,
          0.85554385,
          -0.51247406,
          0,
          -0.121602274,
          0.51773036,
          0.84685785,
          0,
          -0.06762537,
          0.31290045,
          0.69072014,
          1
        ]
      },
      {
        "date" : 738699240.036076,
        "title" : "Untitled",
        "transform" : [
          0.9898473,
          -1.5091195e-10,
          0.14213446,
          0,
          0.07358733,
          0.85554385,
          -0.51247406,
          0,
          -0.121602274,
          0.51773036,
          0.84685785,
          0,
          -0.06762537,
          0.31290045,
          0.69072014,
          1
        ]
      }
    ],
    "2F6C5E36-BDD6-423F-B5E0-4444A208A191" : [
      {
        "date" : 738698192.920651,
        "title" : "Untitled",
        "transform" : [
          0.99999994,
          0,
          -0,
          0,
          -0,
          0.8660255,
          -0.49999988,
          0,
          0,
          0.49999988,
          0.8660255,
          0,
          0,
          0.19083177,
          0.33053035,
          1
        ]
      }
    ],
    "8820A028-3DD5-4F4B-9331-85B0648ED008" : [
      {
        "date" : 737507996.112925,
        "title" : "Untitled",
        "transform" : [
          0.99999994,
          0,
          -0,
          0,
          -0,
          0.8660254,
          -0.49999994,
          0,
          0,
          0.49999994,
          0.8660254,
          0,
          0,
          0.23318177,
          0.40388274,
          1
        ]
      }
    ],
    "A0019846-B60F-463F-8559-F61EC3A23A79" : [
      {
        "date" : 738699709.874486,
        "title" : "Untitled",
        "transform" : [
          0.99999994,
          0,
          0,
          0,
          0,
          0.8660254,
          -0.49999988,
          0,
          0,
          0.49999988,
          0.8660254,
          0,
          -0.02103938,
          2.5036724,
          0.16441357,
          1
        ]
      },
      {
        "date" : 738699706.029643,
        "title" : "Untitled",
        "transform" : [
          0.99999994,
          0,
          0,
          0,
          0,
          0.8660254,
          -0.49999988,
          0,
          0,
          0.49999988,
          0.8660254,
          0,
          -0.025280148,
          2.288982,
          -0.20744061,
          1
        ]
      },
      {
        "date" : 738699612.200325,
        "title" : "Untitled",
        "transform" : [
          0.99999994,
          0,
          -0,
          0,
          -0,
          0.8660254,
          -0.49999988,
          0,
          0,
          0.49999988,
          0.8660254,
          0,
          -0.06894708,
          2.2417107,
          -0.1801486,
          1
        ]
      },
      {
        "date" : 738699604.213119,
        "title" : "Untitled",
        "transform" : [
          0.99999994,
          0,
          -0,
          0,
          -0,
          0.8660254,
          -0.49999988,
          0,
          0,
          0.49999988,
          0.8660254,
          0,
          -0.49999997,
          1.6887642,
          -1.1378803,
          1
        ]
      },
      {
        "date" : 738699558.953046,
        "title" : "Untitled",
        "transform" : [
          0.99999994,
          0,
          -0,
          0,
          -0,
          0.8660254,
          -0.49999988,
          0,
          0,
          0.49999988,
          0.8660254,
          0,
          9.3131985e-10,
          0.18876417,
          0.36211967,
          1
        ]
      },
      {
        "date" : 738699557.076811,
        "title" : "Untitled",
        "transform" : [
          0.99999994,
          0,
          -0,
          0,
          -0,
          0.8660254,
          -0.49999988,
          0,
          0,
          0.49999988,
          0.8660254,
          0,
          9.3131897e-10,
          0.18876415,
          0.36211964,
          1
        ]
      },
      {
        "date" : 738699084.424985,
        "title" : "Untitled",
        "transform" : [
          0.99999994,
          0,
          -0,
          0,
          -0,
          0.8660255,
          -0.49999988,
          0,
          0,
          0.49999988,
          0.8660255,
          0,
          0,
          0.19083177,
          0.33053035,
          1
        ]
      }
    ],
    "AF09ED6F-1707-48FD-8720-65B998362C09" : [
      {
        "date" : 738699407.295047,
        "title" : "Untitled",
        "transform" : [
          0.99999994,
          -0,
          0,
          0,
          0,
          0.86602443,
          -0.5000016,
          0,
          0,
          0.5000016,
          0.86602443,
          0,
          0.4399807,
          1.7203537,
          -0.52463937,
          1
        ]
      },
      {
        "date" : 738699404.302347,
        "title" : "Untitled",
        "transform" : [
          0.99999994,
          -0,
          0,
          0,
          0,
          0.86602443,
          -0.5000016,
          0,
          0,
          0.5000016,
          0.86602443,
          0,
          0.4399807,
          1.5161753,
          -0.8782859,
          1
        ]
      },
      {
        "date" : 738699402.403215,
        "title" : "Untitled",
        "transform" : [
          0.99999994,
          0,
          0,
          0,
          0,
          0.86602443,
          -0.5000016,
          0,
          0,
          0.5000016,
          0.86602443,
          0,
          0.4399807,
          1.5161753,
          -0.8782859,
          1
        ]
      },
      {
        "date" : 738699396.460007,
        "title" : "Untitled",
        "transform" : [
          1,
          0,
          0,
          0,
          0,
          0.86602443,
          -0.5000016,
          0,
          0,
          0.5000016,
          0.86602443,
          0,
          0.43998083,
          2.052281,
          -0.21941674,
          1
        ]
      },
      {
        "date" : 738699393.683347,
        "title" : "Untitled",
        "transform" : [
          1,
          0,
          0,
          0,
          0,
          0.86602443,
          -0.5000016,
          0,
          0,
          0.5000016,
          0.86602443,
          0,
          0.4150096,
          1.8965753,
          -0.12951994,
          1
        ]
      },
      {
        "date" : 738699388.947569,
        "title" : "Untitled",
        "transform" : [
          1,
          0,
          0,
          0,
          0,
          0.86602443,
          -0.5000016,
          0,
          0,
          0.5000016,
          0.86602443,
          0,
          0.385044,
          2.1344595,
          -0.26686323,
          1
        ]
      },
      {
        "date" : 738699386.098576,
        "title" : "Untitled",
        "transform" : [
          1,
          0,
          0,
          0,
          0,
          0.86602443,
          -0.5000016,
          0,
          0,
          0.5000016,
          0.86602443,
          0,
          -0.009955883,
          2.086828,
          -0.2393632,
          1
        ]
      },
      {
        "date" : 738696875.147052,
        "title" : "Untitled",
        "transform" : [
          1,
          0,
          0,
          0,
          0,
          0.86602443,
          -0.5000016,
          0,
          0,
          0.5000016,
          0.86602443,
          0,
          -0.009955883,
          2.086828,
          -0.2393632,
          1
        ]
      },
      {
        "date" : 738696873.965917,
        "title" : "Untitled",
        "transform" : [
          1,
          0,
          0,
          0,
          0,
          0.86602443,
          -0.5000016,
          0,
          0,
          0.5000016,
          0.86602443,
          0,
          -0.009956241,
          2.113221,
          -0.25460148,
          1
        ]
      },
      {
        "date" : 738696871.468941,
        "title" : "Untitled",
        "transform" : [
          1,
          0,
          0,
          0,
          0,
          0.86602443,
          -0.5000016,
          0,
          0,
          0.5000016,
          0.86602443,
          0,
          -0.530717,
          2.27358,
          -0.34718513,
          1
        ]
      }
    ],
    "D66134B1-3681-4A8E-AFE5-29F257229F3B" : [
      {
        "date" : 738699284.960444,
        "title" : "Untitled",
        "transform" : [
          0.99999994,
          0,
          0,
          0,
          0,
          0.8660254,
          -0.49999994,
          0,
          0,
          0.49999994,
          0.8660254,
          0,
          0.0013611987,
          0.09248631,
          0.18255433,
          1
        ]
      },
      {
        "date" : 738698280.002521,
        "title" : "Untitled",
        "transform" : [
          0.99999994,
          0,
          -0,
          0,
          -0,
          0.8660254,
          -0.49999994,
          0,
          0,
          0.49999994,
          0.8660254,
          0,
          -7.45058e-09,
          0.09438209,
          0.18145981,
          1
        ]
      },
      {
        "date" : 737924539.700198,
        "title" : "Untitled",
        "transform" : [
          0.99999994,
          0,
          -0,
          0,
          -0,
          0.8660254,
          -0.49999994,
          0,
          0,
          0.49999994,
          0.8660254,
          0,
          0,
          0.23335679,
          0.40438583,
          1
        ]
      }
    ]
  },
  "selectedSceneRelativePath" : "FallingBalls.usda"
}